20
6 2
2 1 2 2 0 5
0 1 1 2 2 3
2 2
1 0
0 1
4 2
1 4 2 1
0 3 4 1
17 2
9 3 7 10 8 0 5 2 8 3 1 2 4 8 10 8 6
0 1 1 16 1 1 1 14 1 7 1 13 16 1 1 10 9
17 3
7 2 5 7 0 4 0 3 9 0 9 1 6 6 6 0 8
0 17 1 1 1 2 1 2 1 1 1 17 1 4 4 15 1
16 2
521 679 226 947 906 653 668 270 259 406 234 519 968 220 647 981
0 8 1 14 16 8 6 1 10 1 3 5 2 1 8 7
17 3
595 939 611 686 271 651 288 907 812 303 705 264 773 231 70 151 556
0 1 1 14 1 8 5 5 14 3 3 9 1 1 1 1 10
20 4
39 28 4 76 27 51 53 7 91 42 97 70 27 92 6 96 22 7 88 92
0 18 1 7 1 20 10 16 13 15 1 1 1 1 1 1 3 16 1 16
48 4
41 36 56 47 55 31 55 65 100 76 38 7 29 85 93 22 98 60 84 99 54 59 70 21 94 5 78 93 34 4 92 70 27 91 74 63 5 85 3 87 8 78 3 7 37 39 33 65
0 41 32 1 1 1 1 12 1 44 19 41 21 12 1 47 8 40 16 47 6 33 12 33 29 12 1 19 1 18 2 12 30 1 1 20 42 40 1 13 33 1 12 1 1 1 33 1
27 3
485 451 162 957 854 6 449 510 75 690 897 345 901 96 695 184 727 418 769 873 335 723 871 187 517 27 391
0 1 12 1 1 1 13 10 13 1 13 18 16 1 1 1 1 16 1 1 24 1 2 1 11 19 19
42 2
992 979 842 745 121 94 34 934 710 833 743 296 595 274 826 290 366 627 145 659 224 417 531 805 538 429 984 837 443 626 168 35 204 531 106 286 248 879 250 740 119 42
0 1 1 1 40 37 23 1 39 1 26 29 1 1 1 1 30 26 37 42 23 3 37 1 1 28 1 40 1 28 1 1 23 29 1 8 30 2 20 1 1 1
84 5
129 145 167 27 173 84 138 179 51 124 57 139 80 30 134 2 87 167 10 59 76 120 7 55 191 144 186 137 28 36 31 90 59 36 156 197 187 32 94 69 166 80 109 96 157 44 86 23 144 62 174 129 7 106 118 176 137 47 128 79 49 4 85 73 83 131 30 53 150 115 31 64 36 17 92 43 9 60 55 182 139 103 5 103
0 15 1 1 6 79 41 16 34 61 41 84 1 1 24 75 24 27 1 79 68 35 84 30 1 1 25 1 1 1 1 68 78 1 1 54 11 2 41 1 60 17 6 61 1 1 1 80 15 75 65 37 32 60 2 11 47 1 55 43 83 6 1 23 1 7 1 71 61 2 30 47 79 12 2 1 14 1 61 61 31 65 49 66
82 2
24 6 55 48 57 49 179 145 24 171 193 160 132 156 100 52 46 62 111 61 54 102 158 47 80 165 127 152 70 187 70 161 166 143 104 136 125 47 46 100 17 150 69 173 100 129 108 104 169 123 75 12 96 51 146 131 80 59 86 197 180 192 50 158 136 67 78 9 164 118 16 150 85 44 98 144 62 49 103 178 17 9
0 41 75 1 29 47 16 35 1 77 1 1 52 49 73 33 31 46 1 17 61 1 1 1 70 29 1 1 1 31 54 33 1 33 1 49 1 77 1 59 47 1 81 1 1 1 65 1 1 1 17 40 1 1 1 65 1 1 47 29 35 49 7 51 1 1 1 36 49 1 53 43 52 49 1 59 1 19 23 17 33 30
60 2
259 381 725 792 352 117 888 479 231 993 200 302 306 257 980 734 868 248 699 548 925 307 517 87 28 33 36 164 27 831 290 215 784 914 39 416 556 384 891 777 811 192 845 940 455 754 958 28 610 673 62 104 911 437 585 849 361 393 169 9
0 10 53 10 53 17 1 26 42 44 43 1 25 8 26 46 31 25 35 42 14 46 2 43 55 7 59 53 57 24 59 27 31 60 16 14 1 43 51 53 57 35 21 58 3 60 60 47 42 43 38 1 38 43 40 35 59 57 43 45
67 2
383 421 358 875 480 944 100 128 794 174 806 18 809 885 966 813 887 822 177 636 863 849 530 425 820 508 425 941 48 113 522 570 849 603 474 29 964 301 224 527 629 300 976 550 892 767 895 850 841 739 485 806 837 177 469 895 31 994 400 247 510 383 699 723 79 304 750
0 42 8 19 8 50 1 56 64 5 19 19 56 1 4 1 1 9 18 4 42 1 38 1 44 55 14 42 4 4 15 5 20 5 1 5 1 55 1 25 1 4 1 5 14 1 5 11 33 31 32 33 1 33 1 23 1 12 53 34 44 55 42 5 4 33 1
463 4
180 309 300 364 237 389 436 155 275 182 438 413 374 404 427 329 103 363 4 162 223 208 282 408 317 253 117 465 485 487 38 76 327 207 180 113 277 163 183 391 342 182 253 139 114 44 471 116 449 408 268 452 420 224 28 272 412 209 479 241 209 230 140 102 132 102 108 358 202 42 132 75 440 385 392 468 313 237 107 161 64 28 249 474 423 425 417 371 287 217 266 369 46 492 426 268 149 68 472 212 329 234 321 375 58 384 428 198 296 423 495 299 422 249 432 447 237 99 389 305 230 226 375 109 357 194 233 357 424 349 280 279 385 483 41 411 28 492 279 393 461 76 401 328 473 329 269 233 244 351 85 110 404 319 498 332 454 163 248 409 54 97 487 7 436 374 247 423 361 450 81 94 441 158 53 354 92 437 306 391 294 302 344 107 312 11 56 491 238 189 40 259 166 13 424 449 411 450 323 220 470 203 284 464 459 307 317 329 82 101 152 177 120 430 104 256 274 103 470 437 142 310 107 71 370 373 306 418 295 310 133 299 141 433 251 73 327 476 185 19 65 426 193 104 320 2 193 40 123 119 317 398 267 389 76 235 257 414 330 394 475 373 436 205 14 83 20 181 210 330 127 99 126 441 143 300 109 382 452 328 361 38 286 283 448 60 228 409 359 110 388 119 234 242 144 295 109 371 321 7 326 397 338 441 148 56 133 313 15 241 459 70 135 342 268 274 270 29 213 248 468 41 392 434 266 142 89 159 150 63 340 124 402 368 210 13 380 368 182 74 94 151 425 274 445 353 324 464 416 344 270 283 327 115 492 163 186 108 275 361 478 438 301 363 359 348 360 423 51 41 228 399 447 488 99 268 4 242 88 40 52 221 154 473 362 109 417 149 234 40 469 97 10 51 64 413 200 266 22 408 261 494 278 24 152 266 346 140 53 357 4 31 400 427 436 437 197 84 488 425 426 400 82 388 41 431 133 98 10 307 22 363 210 282 301 355 67 82 441 176 42 497 16 391 125 437 172 358 85 49 52 225 375 265 375 223 439 227 270 314 130 115 494
0 416 196 258 203 445 445 427 200 1 440 303 26 386 46 222 122 194 435 435 124 194 133 118 21 338 353 336 152 401 427 454 371 454 16 1 388 402 130 1 358 103 249 452 105 409 326 337 56 300 120 319 263 279 319 53 13 1 44 461 453 165 261 275 431 297 182 262 254 188 142 450 416 133 156 62 274 320 421 336 7 281 336 1 303 227 367 299 1 304 1 390 360 287 1 233 102 296 56 200 363 348 460 30 347 366 276 4 372 418 52 124 1 255 212 437 439 396 263 374 445 427 388 224 102 445 195 204 224 452 33 456 285 57 386 35 420 259 128 236 450 103 303 354 167 437 23 340 142 69 402 248 103 103 250 269 437 289 276 258 1 1 174 460 447 374 94 224 13 142 77 427 458 26 169 258 57 285 72 418 445 437 241 427 21 257 326 437 105 453 188 421 452 229 230 233 219 312 30 30 189 326 56 276 363 203 286 431 240 222 244 134 437 203 16 444 25 433 336 263 242 203 91 307 1 1 425 160 299 346 452 125 62 407 181 77 461 13 157 15 152 435 276 341 427 403 248 65 102 185 5 276 310 450 441 65 214 299 445 292 227 445 155 234 115 92 1 306 326 366 440 21 192 183 72 299 376 111 452 1 437 120 54 292 124 388 305 126 427 394 452 114 307 50 105 56 77 292 171 308 1 223 191 363 111 218 374 181 29 81 1 256 409 279 360 155 425 298 306 5 62 62 342 114 216 167 182 229 199 116 346 329 193 342 263 171 409 410 21 450 56 194 94 360 242 299 276 431 437 248 184 449 363 56 1 48 115 433 203 348 16 423 78 170 386 78 241 421 297 45 388 397 79 103 357 82 13 16 1 446 323 434 13 378 426 276 437 269 29 233 386 196 197 299 1 372 460 295 30 149 29 329 39 144 298 227 30 53 434 29 1 43 445 415 445 19 1 430 104 128 425 103 77 103 144 1 5 1 23 298 382 77 440 172 128 413 61 444 445 456 337 16 23 342 328 79 302 274 67 248 461 92 371 435 336 452 335 104 358 191 1 56 456
349 4
202 408 694 552 860 517 757 370 910 302 842 66 402 246 339 680 858 196 321 861 100 915 722 469 815 607 549 99 333 373 653 273 869 550 257 386 200 524 485 404 751 988 57 653 38 120 484 139 31 204 198 465 207 411 411 607 370 967 122 612 987 521 789 59 246 757 520 909 131 16 529 540 922 560 13 651 158 149 227 565 839 12 700 857 141 13 299 834 93 422 711 843 988 700 558 209 210 46 727 639 208 129 168 567 679 531 769 583 723 593 279 52 953 827 767 976 59 428 401 828 783 943 994 408 190 532 674 682 63 439 333 190 601 269 477 124 845 113 40 902 515 779 786 112 513 894 847 347 854 756 78 537 420 79 899 442 129 803 124 150 768 793 603 738 623 852 391 307 731 366 487 798 290 948 611 563 127 688 54 696 37 553 738 507 931 210 999 325 335 751 628 411 267 582 707 554 670 543 757 19 527 584 960 702 407 606 929 665 963 773 765 771 311 768 473 475 238 149 15 523 331 867 922 632 857 582 591 338 927 940 837 305 793 295 881 326 454 579 104 52 112 74 905 27 863 329 684 688 272 533 727 877 490 580 333 977 335 85 918 913 421 158 233 165 532 210 534 42 117 172 505 890 846 773 619 196 835 246 35 741 316 208 827 594 227 332 726 786 146 164 572 485 217 176 369 202 816 963 988 253 502 789 508 400 164 619 915 740 561 94 95 86 202 256 538 696 679 9 391 290 972 423 230 18 659 807 22 343 481 925 499 885 959 342 857 529 362 263 718 862 800 768 512 776 654 221 265 366 144
0 1 1 158 256 231 1 1 1 102 1 4 106 1 158 133 1 1 1 1 257 239 1 296 286 187 110 1 219 171 149 1 175 1 44 281 93 1 211 1 106 1 103 121 110 108 1 299 200 15 1 104 239 1 1 1 1 1 284 193 108 1 1 1 1 223 1 283 61 1 1 333 1 104 283 1 1 192 178 263 1 1 110 221 191 292 128 29 246 106 225 71 1 1 296 1 1 1 1 1 311 81 214 239 162 98 1 1 50 334 273 18 220 1 1 53 212 1 327 1 1 1 1 1 25 1 22 157 1 1 137 1 223 1 243 1 1 1 230 182 108 15 1 101 333 314 156 1 77 37 13 61 318 1 1 41 110 57 337 199 195 279 1 255 1 111 182 257 283 1 111 255 120 187 1 1 314 186 325 69 1 1 348 1 120 53 243 1 31 1 239 1 1 1 1 25 1 1 1 13 7 235 75 327 77 246 1 53 309 1 148 264 22 1 1 224 266 1 178 192 1 208 192 1 77 1 22 299 82 1 46 86 29 54 239 192 123 1 225 254 39 1 1 285 1 1 93 319 1 224 187 235 334 313 239 19 1 1 339 1 57 1 110 314 156 53 348 264 1 1 158 213 213 320 131 53 1 1 330 215 111 1 133 1 214 333 98 233 1 285 55 13 345 1 213 1 1 153 1 342 64 1 227 1 326 1 168 1 21 69 1 288 1 287 48 261 192 232 314 1 283 1 83 1 197 1 1 339 1 5 1 1 200 1 110 249 1 199 299 1 196 263 1 1 237 208 1 314 257
580 9
1 310 223 461 356 377 23 436 248 271 531 629 998 234 245 247 362 910 247 857 424 559 872 1 967 359 639 597 549 507 203 337 809 403 106 272 528 80 888 40 782 124 636 85 651 404 354 191 100 886 125 722 130 487 988 720 688 642 872 24 142 25 794 422 339 94 327 39 899 412 225 589 809 165 60 512 116 486 410 838 555 359 895 636 182 470 609 224 495 514 422 946 344 914 929 105 728 665 886 242 565 298 784 619 381 364 109 904 771 515 520 835 280 860 332 377 366 61 936 290 602 636 32 254 427 84 322 642 282 907 428 7 838 617 702 361 910 450 987 497 358 707 268 650 153 926 999 241 330 609 694 186 559 937 963 991 381 443 579 898 28 994 725 372 587 9 793 549 927 389 409 279 444 986 81 902 700 286 494 217 351 326 312 89 181 160 887 402 308 104 275 673 818 657 807 688 586 277 716 932 3 179 712 303 830 163 983 836 956 146 361 564 312 738 991 349 846 841 58 402 211 520 98 948 293 605 570 880 269 689 485 833 230 519 407 611 934 37 78 525 537 740 631 290 36 14 861 930 6 619 669 804 447 326 437 583 917 804 985 547 366 554 295 379 775 230 158 389 363 361 267 38 994 867 974 737 914 473 890 456 890 328 747 900 884 933 161 379 96 756 150 619 599 380 831 263 505 186 820 174 495 804 958 814 252 188 42 569 752 388 554 21 101 99 496 370 15 346 902 759 835 522 155 374 72 447 609 952 320 563 559 81 375 122 174 265 407 10 916 236 917 763 333 362 222 262 776 470 617 305 875 194 102 846 600 75 985 127 417 704 246 837 868 11 999 61 955 946 160 652 236 57 807 120 155 682 853 951 975 654 530 106 131 195 211 184 271 448 844 910 592 794 456 177 671 845 933 301 560 520 615 787 558 381 701 428 655 893 130 380 215 557 57 362 928 703 924 588 377 445 932 853 324 226 980 390 450 319 990 486 616 83 618 103 910 311 631 765 548 517 683 582 672 266 764 55 981 803 674 176 567 227 527 166 313 709 57 799 913 951 35 227 209 742 799 254 935 997 594 553 702 555 250 669 447 940 382 284 832 189 143 196 87 885 617 476 152 98 894 342 611 386 392 85 523 874 970 562 862 329 915 73 183 997 658 798 150 19 4 27 830 953 508 819 918 210 800 714 516 455 108 560 58 129 650 915 135 462 868 944 441 333 829 678 969 966 290 191 108 313 827 14 80 635 526 684 468 449 374 697 841 756 529 61 169 646 414 85 657 719 955 274 718 392 204 946 466 146 957 144 599 779 30 479 455 818 586 540 415 280
0 1 1 350 226 181 1 1 556 116 1 20 1 189 196 298 465 86 330 1 1 1 1 378 22 292 409 552 246 286 1 70 155 558 1 579 10 1 350 20 157 543 60 148 1 1 1 252 403 161 187 539 262 123 1 1 329 579 1 236 246 27 1 20 1 137 1 520 1 579 529 349 577 60 294 405 497 521 1 365 236 373 289 76 1 239 103 236 531 1 350 137 30 116 328 1 1 1 63 517 558 1 303 20 1 377 504 391 1 86 214 413 285 248 1 455 1 494 1 60 504 552 1 286 337 1 558 373 350 495 432 371 523 429 16 1 209 1 1 1 1 368 1 349 396 1 1 1 262 1 381 238 1 445 1 93 148 110 68 191 447 19 122 380 1 215 70 543 1 398 357 141 299 6 490 22 1 411 1 1 455 1 504 447 1 1 1 402 521 525 43 448 296 109 1 76 298 1 294 529 187 550 1 296 289 523 106 74 189 1 527 303 374 1 441 1 393 35 543 419 577 340 433 365 1 1 175 428 248 1 1 1 260 247 562 213 70 1 68 22 1 386 258 511 148 1 291 423 379 107 247 1 1 1 363 577 1 529 126 16 419 350 43 437 468 1 1 471 1 1 355 101 356 347 80 1 117 565 296 83 301 262 579 189 216 1 377 1 254 1 571 1 380 509 339 543 80 529 357 1 1 480 476 10 286 1 1 439 1 15 477 1 1 1 1 1 476 1 329 318 277 1 39 554 1 126 1 490 405 1 187 259 191 524 36 1 221 1 1 260 472 1 338 199 1 1 196 144 1 43 238 1 268 560 148 308 1 1 1 388 28 69 497 1 371 561 286 1 1 1 350 143 377 437 457 127 365 252 47 414 1 1 380 1 1 1 565 354 476 468 107 197 365 258 1 468 1 1 207 365 1 393 307 339 377 88 1 1 214 340 530 1 266 304 1 1 1 6 1 1 345 1 63 1 1 1 1 111 1 1 1 423 28 36 1 34 543 354 1 301 309 557 1 74 1 43 409 1 1 1 1 1 1 383 1 571 519 1 1 566 1 1 1 1 60 97 121 1 1 1 485 260 409 1 529 1 415 261 1 1 62 391 1 1 76 1 452 512 342 187 1 137 476 139 543 371 1 1 334 24 532 519 469 37 76 1 1 384 350 1 1 1 304 1 259 548 347 557 419 527 1 204 197 1 377 397 298 1 10 301 1 189 1 1 186 480 1 293 1 58 1 203 86 54 342 1 175 1 1 362 1 10 1 145 262 197 1 294 79 373 330 1 1 560 1 446 1 83 1 350 114 188 1 1 1 15 86 1 340 1
1000 2
1 2 3 4 5 6 7 8 9 10 11 12 13 14 15 16 17 18 19 20 21 22 23 24 25 26 27 28 29 30 31 32 33 34 35 36 37 38 39 40 41 42 43 44 45 46 47 48 49 50 51 52 53 54 55 56 57 58 59 60 61 62 63 64 65 66 67 68 69 70 71 72 73 74 75 76 77 78 79 80 81 82 83 84 85 86 87 88 89 90 91 92 93 94 95 96 97 98 99 100 101 102 103 104 105 106 107 108 109 110 111 112 113 114 115 116 117 118 119 120 121 122 123 124 125 126 127 128 129 130 131 132 133 134 135 136 137 138 139 140 141 142 143 144 145 146 147 148 149 150 151 152 153 154 155 156 157 158 159 160 161 162 163 164 165 166 167 168 169 170 171 172 173 174 175 176 177 178 179 180 181 182 183 184 185 186 187 188 189 190 191 192 193 194 195 196 197 198 199 200 201 202 203 204 205 206 207 208 209 210 211 212 213 214 215 216 217 218 219 220 221 222 223 224 225 226 227 228 229 230 231 232 233 234 235 236 237 238 239 240 241 242 243 244 245 246 247 248 249 250 251 252 253 254 255 256 257 258 259 260 261 262 263 264 265 266 267 268 269 270 271 272 273 274 275 276 277 278 279 280 281 282 283 284 285 286 287 288 289 290 291 292 293 294 295 296 297 298 299 300 301 302 303 304 305 306 307 308 309 310 311 312 313 314 315 316 317 318 319 320 321 322 323 324 325 326 327 328 329 330 331 332 333 334 335 336 337 338 339 340 341 342 343 344 345 346 347 348 349 350 351 352 353 354 355 356 357 358 359 360 361 362 363 364 365 366 367 368 369 370 371 372 373 374 375 376 377 378 379 380 381 382 383 384 385 386 387 388 389 390 391 392 393 394 395 396 397 398 399 400 401 402 403 404 405 406 407 408 409 410 411 412 413 414 415 416 417 418 419 420 421 422 423 424 425 426 427 428 429 430 431 432 433 434 435 436 437 438 439 440 441 442 443 444 445 446 447 448 449 450 451 452 453 454 455 456 457 458 459 460 461 462 463 464 465 466 467 468 469 470 471 472 473 474 475 476 477 478 479 480 481 482 483 484 485 486 487 488 489 490 491 492 493 494 495 496 497 498 499 500 501 502 503 504 505 506 507 508 509 510 511 512 513 514 515 516 517 518 519 520 521 522 523 524 525 526 527 528 529 530 531 532 533 534 535 536 537 538 539 540 541 542 543 544 545 546 547 548 549 550 551 552 553 554 555 556 557 558 559 560 561 562 563 564 565 566 567 568 569 570 571 572 573 574 575 576 577 578 579 580 581 582 583 584 585 586 587 588 589 590 591 592 593 594 595 596 597 598 599 600 601 602 603 604 605 606 607 608 609 610 611 612 613 614 615 616 617 618 619 620 621 622 623 624 625 626 627 628 629 630 631 632 633 634 635 636 637 638 639 640 641 642 643 644 645 646 647 648 649 650 651 652 653 654 655 656 657 658 659 660 661 662 663 664 665 666 667 668 669 670 671 672 673 674 675 676 677 678 679 680 681 682 683 684 685 686 687 688 689 690 691 692 693 694 695 696 697 698 699 700 701 702 703 704 705 706 707 708 709 710 711 712 713 714 715 716 717 718 719 720 721 722 723 724 725 726 727 728 729 730 731 732 733 734 735 736 737 738 739 740 741 742 743 744 745 746 747 748 749 750 751 752 753 754 755 756 757 758 759 760 761 762 763 764 765 766 767 768 769 770 771 772 773 774 775 776 777 778 779 780 781 782 783 784 785 786 787 788 789 790 791 792 793 794 795 796 797 798 799 800 801 802 803 804 805 806 807 808 809 810 811 812 813 814 815 816 817 818 819 820 821 822 823 824 825 826 827 828 829 830 831 832 833 834 835 836 837 838 839 840 841 842 843 844 845 846 847 848 849 850 851 852 853 854 855 856 857 858 859 860 861 862 863 864 865 866 867 868 869 870 871 872 873 874 875 876 877 878 879 880 881 882 883 884 885 886 887 888 889 890 891 892 893 894 895 896 897 898 899 900 901 902 903 904 905 906 907 908 909 910 911 912 913 914 915 916 917 918 919 920 921 922 923 924 925 926 927 928 929 930 931 932 933 934 935 936 937 938 939 940 941 942 943 944 945 946 947 948 949 950 951 952 953 954 955 956 957 958 959 960 961 962 963 964 965 966 967 968 969 970 971 972 973 974 975 976 977 978 979 980 981 982 983 984 985 986 987 988 989 990 991 992 993 994 995 996 997 998 999 0
0 1 2 3 4 5 6 7 8 9 10 11 12 13 14 15 16 17 18 19 20 21 22 23 24 25 26 27 28 29 30 31 32 33 34 35 36 37 38 39 40 41 42 43 44 45 46 47 48 49 50 51 52 53 54 55 56 57 58 59 60 61 62 63 64 65 66 67 68 69 70 71 72 73 74 75 76 77 78 79 80 81 82 83 84 85 86 87 88 89 90 91 92 93 94 95 96 97 98 99 100 101 102 103 104 105 106 107 108 109 110 111 112 113 114 115 116 117 118 119 120 121 122 123 124 125 126 127 128 129 130 131 132 133 134 135 136 137 138 139 140 141 142 143 144 145 146 147 148 149 150 151 152 153 154 155 156 157 158 159 160 161 162 163 164 165 166 167 168 169 170 171 172 173 174 175 176 177 178 179 180 181 182 183 184 185 186 187 188 189 190 191 192 193 194 195 196 197 198 199 200 201 202 203 204 205 206 207 208 209 210 211 212 213 214 215 216 217 218 219 220 221 222 223 224 225 226 227 228 229 230 231 232 233 234 235 236 237 238 239 240 241 242 243 244 245 246 247 248 249 250 251 252 253 254 255 256 257 258 259 260 261 262 263 264 265 266 267 268 269 270 271 272 273 274 275 276 277 278 279 280 281 282 283 284 285 286 287 288 289 290 291 292 293 294 295 296 297 298 299 300 301 302 303 304 305 306 307 308 309 310 311 312 313 314 315 316 317 318 319 320 321 322 323 324 325 326 327 328 329 330 331 332 333 334 335 336 337 338 339 340 341 342 343 344 345 346 347 348 349 350 351 352 353 354 355 356 357 358 359 360 361 362 363 364 365 366 367 368 369 370 371 372 373 374 375 376 377 378 379 380 381 382 383 384 385 386 387 388 389 390 391 392 393 394 395 396 397 398 399 400 401 402 403 404 405 406 407 408 409 410 411 412 413 414 415 416 417 418 419 420 421 422 423 424 425 426 427 428 429 430 431 432 433 434 435 436 437 438 439 440 441 442 443 444 445 446 447 448 449 450 451 452 453 454 455 456 457 458 459 460 461 462 463 464 465 466 467 468 469 470 471 472 473 474 475 476 477 478 479 480 481 482 483 484 485 486 487 488 489 490 491 492 493 494 495 496 497 498 499 500 501 502 503 504 505 506 507 508 509 510 511 512 513 514 515 516 517 518 519 520 521 522 523 524 525 526 527 528 529 530 531 532 533 534 535 536 537 538 539 540 541 542 543 544 545 546 547 548 549 550 551 552 553 554 555 556 557 558 559 560 561 562 563 564 565 566 567 568 569 570 571 572 573 574 575 576 577 578 579 580 581 582 583 584 585 586 587 588 589 590 591 592 593 594 595 596 597 598 599 600 601 602 603 604 605 606 607 608 609 610 611 612 613 614 615 616 617 618 619 620 621 622 623 624 625 626 627 628 629 630 631 632 633 634 635 636 637 638 639 640 641 642 643 644 645 646 647 648 649 650 651 652 653 654 655 656 657 658 659 660 661 662 663 664 665 666 667 668 669 670 671 672 673 674 675 676 677 678 679 680 681 682 683 684 685 686 687 688 689 690 691 692 693 694 695 696 697 698 699 700 701 702 703 704 705 706 707 708 709 710 711 712 713 714 715 716 717 718 719 720 721 722 723 724 725 726 727 728 729 730 731 732 733 734 735 736 737 738 739 740 741 742 743 744 745 746 747 748 749 750 751 752 753 754 755 756 757 758 759 760 761 762 763 764 765 766 767 768 769 770 771 772 773 774 775 776 777 778 779 780 781 782 783 784 785 786 787 788 789 790 791 792 793 794 795 796 797 798 799 800 801 802 803 804 805 806 807 808 809 810 811 812 813 814 815 816 817 818 819 820 821 822 823 824 825 826 827 828 829 830 831 832 833 834 835 836 837 838 839 840 841 842 843 844 845 846 847 848 849 850 851 852 853 854 855 856 857 858 859 860 861 862 863 864 865 866 867 868 869 870 871 872 873 874 875 876 877 878 879 880 881 882 883 884 885 886 887 888 889 890 891 892 893 894 895 896 897 898 899 900 901 902 903 904 905 906 907 908 909 910 911 912 913 914 915 916 917 918 919 920 921 922 923 924 925 926 927 928 929 930 931 932 933 934 935 936 937 938 939 940 941 942 943 944 945 946 947 948 949 950 951 952 953 954 955 956 957 958 959 960 961 962 963 964 965 966 967 968 969 970 971 972 973 974 975 976 977 978 979 980 981 982 983 984 985 986 987 988 989 990 991 992 993 994 995 996 997 998 999
1000 2
1 2 3 4 5 6 7 8 9 10 11 12 13 14 15 16 17 18 19 20 21 22 23 24 25 26 27 28 29 30 31 32 33 34 35 36 37 38 39 40 41 42 43 44 45 46 47 48 49 50 51 52 53 54 55 56 57 58 59 60 61 62 63 64 65 66 67 68 69 70 71 72 73 74 75 76 77 78 79 80 81 82 83 84 85 86 87 88 89 90 91 92 93 94 95 96 97 98 99 100 101 102 103 104 105 106 107 108 109 110 111 112 113 114 115 116 117 118 119 120 121 122 123 124 125 126 127 128 129 130 131 132 133 134 135 136 137 138 139 140 141 142 143 144 145 146 147 148 149 150 151 152 153 154 155 156 157 158 159 160 161 162 163 164 165 166 167 168 169 170 171 172 173 174 175 176 177 178 179 180 181 182 183 184 185 186 187 188 189 190 191 192 193 194 195 196 197 198 199 200 201 202 203 204 205 206 207 208 209 210 211 212 213 214 215 216 217 218 219 220 221 222 223 224 225 226 227 228 229 230 231 232 233 234 235 236 237 238 239 240 241 242 243 244 245 246 247 248 249 250 251 252 253 254 255 256 257 258 259 260 261 262 263 264 265 266 267 268 269 270 271 272 273 274 275 276 277 278 279 280 281 282 283 284 285 286 287 288 289 290 291 292 293 294 295 296 297 298 299 300 301 302 303 304 305 306 307 308 309 310 311 312 313 314 315 316 317 318 319 320 321 322 323 324 325 326 327 328 329 330 331 332 333 334 335 336 337 338 339 340 341 342 343 344 345 346 347 348 349 350 351 352 353 354 355 356 357 358 359 360 361 362 363 364 365 366 367 368 369 370 371 372 373 374 375 376 377 378 379 380 381 382 383 384 385 386 387 388 389 390 391 392 393 394 395 396 397 398 399 400 401 402 403 404 405 406 407 408 409 410 411 412 413 414 415 416 417 418 419 420 421 422 423 424 425 426 427 428 429 430 431 432 433 434 435 436 437 438 439 440 441 442 443 444 445 446 447 448 449 450 451 452 453 454 455 456 457 458 459 460 461 462 463 464 465 466 467 468 469 470 471 472 473 474 475 476 477 478 479 480 481 482 483 484 485 486 487 488 489 490 491 492 493 494 495 496 497 498 499 500 501 502 503 504 505 506 507 508 509 510 511 512 513 514 515 516 517 518 519 520 521 522 523 524 525 526 527 528 529 530 531 532 533 534 535 536 537 538 539 540 541 542 543 544 545 546 547 548 549 550 551 552 553 554 555 556 557 558 559 560 561 562 563 564 565 566 567 568 569 570 571 572 573 574 575 576 577 578 579 580 581 582 583 584 585 586 587 588 589 590 591 592 593 594 595 596 597 598 599 600 601 602 603 604 605 606 607 608 609 610 611 612 613 614 615 616 617 618 619 620 621 622 623 624 625 626 627 628 629 630 631 632 633 634 635 636 637 638 639 640 641 642 643 644 645 646 647 648 649 650 651 652 653 654 655 656 657 658 659 660 661 662 663 664 665 666 667 668 669 670 671 672 673 674 675 676 677 678 679 680 681 682 683 684 685 686 687 688 689 690 691 692 693 694 695 696 697 698 699 700 701 702 703 704 705 706 707 708 709 710 711 712 713 714 715 716 717 718 719 720 721 722 723 724 725 726 727 728 729 730 731 732 733 734 735 736 737 738 739 740 741 742 743 744 745 746 747 748 749 750 751 752 753 754 755 756 757 758 759 760 761 762 763 764 765 766 767 768 769 770 771 772 773 774 775 776 777 778 779 780 781 782 783 784 785 786 787 788 789 790 791 792 793 794 795 796 797 798 799 800 801 802 803 804 805 806 807 808 809 810 811 812 813 814 815 816 817 818 819 820 821 822 823 824 825 826 827 828 829 830 831 832 833 834 835 836 837 838 839 840 841 842 843 844 845 846 847 848 849 850 851 852 853 854 855 856 857 858 859 860 861 862 863 864 865 866 867 868 869 870 871 872 873 874 875 876 877 878 879 880 881 882 883 884 885 886 887 888 889 890 891 892 893 894 895 896 897 898 899 900 901 902 903 904 905 906 907 908 909 910 911 912 913 914 915 916 917 918 919 920 921 922 923 924 925 926 927 928 929 930 931 932 933 934 935 936 937 938 939 940 941 942 943 944 945 946 947 948 949 950 951 952 953 954 955 956 957 958 959 960 961 962 963 964 965 966 967 968 969 970 971 972 973 974 975 976 977 978 979 980 981 982 983 984 985 986 987 988 989 990 991 992 993 994 995 996 997 998 999 1
0 1 1 1 1 1 1 1 1 1 1 1 1 1 1 1 1 1 1 1 1 1 1 1 1 1 1 1 1 1 1 1 1 1 1 1 1 1 1 1 1 1 1 1 1 1 1 1 1 1 1 1 1 1 1 1 1 1 1 1 1 1 1 1 1 1 1 1 1 1 1 1 1 1 1 1 1 1 1 1 1 1 1 1 1 1 1 1 1 1 1 1 1 1 1 1 1 1 1 1 1 1 1 1 1 1 1 1 1 1 1 1 1 1 1 1 1 1 1 1 1 1 1 1 1 1 1 1 1 1 1 1 1 1 1 1 1 1 1 1 1 1 1 1 1 1 1 1 1 1 1 1 1 1 1 1 1 1 1 1 1 1 1 1 1 1 1 1 1 1 1 1 1 1 1 1 1 1 1 1 1 1 1 1 1 1 1 1 1 1 1 1 1 1 1 1 1 1 1 1 1 1 1 1 1 1 1 1 1 1 1 1 1 1 1 1 1 1 1 1 1 1 1 1 1 1 1 1 1 1 1 1 1 1 1 1 1 1 1 1 1 1 1 1 1 1 1 1 1 1 1 1 1 1 1 1 1 1 1 1 1 1 1 1 1 1 1 1 1 1 1 1 1 1 1 1 1 1 1 1 1 1 1 1 1 1 1 1 1 1 1 1 1 1 1 1 1 1 1 1 1 1 1 1 1 1 1 1 1 1 1 1 1 1 1 1 1 1 1 1 1 1 1 1 1 1 1 1 1 1 1 1 1 1 1 1 1 1 1 1 1 1 1 1 1 1 1 1 1 1 1 1 1 1 1 1 1 1 1 1 1 1 1 1 1 1 1 1 1 1 1 1 1 1 1 1 1 1 1 1 1 1 1 1 1 1 1 1 1 1 1 1 1 1 1 1 1 1 1 1 1 1 1 1 1 1 1 1 1 1 1 1 1 1 1 1 1 1 1 1 1 1 1 1 1 1 1 1 1 1 1 1 1 1 1 1 1 1 1 1 1 1 1 1 1 1 1 1 1 1 1 1 1 1 1 1 1 1 1 1 1 1 1 1 1 1 1 1 1 1 1 1 1 1 1 1 1 1 1 1 1 1 1 1 1 1 1 1 1 1 1 1 1 1 1 1 1 1 1 1 1 1 1 1 1 1 1 1 1 1 1 1 1 1 1 1 1 1 1 1 1 1 1 1 1 1 1 1 1 1 1 1 1 1 1 1 1 1 1 1 1 1 1 1 1 1 1 1 1 1 1 1 1 1 1 1 1 1 1 1 1 1 1 1 1 1 1 1 1 1 1 1 1 1 1 1 1 1 1 1 1 1 1 1 1 1 1 1 1 1 1 1 1 1 1 1 1 1 1 1 1 1 1 1 1 1 1 1 1 1 1 1 1 1 1 1 1 1 1 1 1 1 1 1 1 1 1 1 1 1 1 1 1 1 1 1 1 1 1 1 1 1 1 1 1 1 1 1 1 1 1 1 1 1 1 1 1 1 1 1 1 1 1 1 1 1 1 1 1 1 1 1 1 1 1 1 1 1 1 1 1 1 1 1 1 1 1 1 1 1 1 1 1 1 1 1 1 1 1 1 1 1 1 1 1 1 1 1 1 1 1 1 1 1 1 1 1 1 1 1 1 1 1 1 1 1 1 1 1 1 1 1 1 1 1 1 1 1 1 1 1 1 1 1 1 1 1 1 1 1 1 1 1 1 1 1 1 1 1 1 1 1 1 1 1 1 1 1 1 1 1 1 1 1 1 1 1 1 1 1 1 1 1 1 1 1 1 1 1 1 1 1 1 1 1 1 1 1 1 1 1 1 1 1 1 1 1 1 1 1 1 1 1 1 1 1 1 1 1 1 1 1 1 1 1 1 1 1 1 1 1 1 1 1 1 1 1 1 1 1 1 1 1 1 1 1 1 1 1 1 1 1 1 1 1 1 1 1 1 1 1 1 1 1 1 1 1 1 1 1 1 1 1 1 1 1 1 1 1 1 1 1 1 1 1 1 1 1 1 1 1 1 1 1 1 1 1 1 1 1 1 1 1 1 1 1 1 1 1 1 1 1 1 1 1 1 1 1 1 1 1 1 1 1 1 1 1 1 1 1 1 1 1 1 1 1 1 1 1 1 1 1 1 1 1 1 1 1 1 1 1 1 1 1 1 1 1 1 1 1 1 1 1 1 1 1 1 1 1 1 1 1 1 1 1 1 1 1 1 1 1 1 1 1 1 1 1 1 1 1 1 1 1 1 1 1 1 1 1 1
