25
4 4 3
2 6 7 5
4 4 1
5 1 9 13
4 8 0
5 1 9 12
4 8 1
6 2 8 12
4 10 7
90 82 24 48
4 5 1
71 11 41 68
5 2 1
6 2 8 12 7
5 7 2
92 20 82 58 50
5 6 2
41 45 47 98 78
5 2 0
15 21 80 61 59
6 4 0
75 35 88 90 21 11
6 2 0
16 24 17 92 91 65
7 60 36
28608 72435 13549 17175 70253 96517 74076
7 80 0
57712 78211 99325 84970 86509 22035 94942
7 100 21
44484 6639 18183 84784 71375 49674 23908
8 2 1
30995 28173 37393 21328 34537 2403 21658 81789
8 14 0
34707 87388 50272 76324 34213 18548 85736 65454
8 2 1
35059 15538 99502 39779 6034 11210 21308 33651
8 100 99
30857 41363 11993 70897 55112 50711 38476 67984
8 100 0
58400 9957 81756 9680 2835 94835 94983 5243
8 12 11
1 2 3 4 5 6 7 8
8 12 11
12 24 48 60 61 59 72 80
8 2 0
1003 1047 161 10083 1101 2125 7147 3169
8 8 0
1 9 17 25 33 41 49 57
8 2 0
1002 104 16 10008 110 212 714 316