20
10 2
0 1 1 2 2 2 2 3 8 8
2 3
3 2
0 1 2
2 3
8 7
0 1 2 2 2 3 5 6
6 4 2 5 8 3 7
9 5
0 1 2 1 3 3 5 6 5
2 3 9 6 8
3 2
0 1 1
3 2
3 2
0 1 2
2 3
3 2
0 1 2
3 2
7 3
0 1 1 2 1 5 5
4 5 2
3 2
0 1 1
2 3
4 3
0 1 2 3
2 4 3
573 464
0 1 2 3 2 1 3 3 7 6 3 3 12 12 14 12 15 1 1 9 20 15 5 9 17 12 19 11 4 13 25 27 28 2 2 15 25 22 25 39 33 18 42 23 38 12 29 47 33 19 50 19 26 49 22 13 22 49 23 38 59 23 46 1 24 54 20 59 22 69 51 42 63 24 69 30 30 13 68 46 53 16 57 57 25 84 35 32 50 78 12 10 91 26 42 92 2 29 54 43 71 36 58 17 86 71 28 83 31 34 33 103 14 62 31 4 68 42 77 25 81 57 91 72 116 85 23 12 54 68 99 53 82 103 94 117 106 44 30 21 99 128 8 23 18 66 106 143 28 48 80 140 88 129 87 55 156 53 119 129 150 33 78 17 12 30 125 64 120 60 11 38 14 116 83 107 132 169 92 141 117 161 168 131 49 96 170 89 117 39 92 70 66 123 79 36 161 28 35 71 42 112 96 175 22 159 142 83 40 161 107 181 154 125 139 141 178 198 55 182 207 186 56 75 43 70 35 165 32 167 108 184 214 181 226 49 121 26 60 225 50 49 171 177 128 51 180 163 110 236 85 48 212 144 242 47 51 170 59 34 202 58 145 199 199 47 79 80 167 141 109 246 262 139 17 35 119 167 171 175 145 6 167 279 198 119 242 215 256 240 38 251 54 108 54 30 273 72 164 7 78 39 37 93 296 81 207 17 302 113 115 165 263 143 12 34 29 16 316 231 85 240 89 7 62 58 176 221 304 229 146 88 168 177 194 147 221 181 190 204 102 6 277 208 116 200 343 54 123 124 212 192 246 203 74 311 39 42 226 340 312 177 62 61 221 205 316 232 120 98 311 361 47 39 329 313 220 16 177 347 58 10 269 347 344 237 140 75 8 131 281 112 190 201 47 152 282 69 250 35 381 234 15 112 276 250 267 215 108 292 374 139 22 138 369 345 237 288 315 397 227 366 194 108 157 28 3 46 123 328 330 209 272 201 47 195 338 319 434 188 39 66 273 326 388 184 98 228 427 8 27 340 429 331 173 138 152 263 413 133 444 154 268 377 69 119 87 201 193 119 406 36 464 113 127 314 188 301 398 24 293 387 126 196 25 169 329 16 141 332 107 402 28 95 358 127 144 235 398 274 128 420 127 497 469 32 386 332 258 369 465 422 223 12 148 481 412 490 406 296 167 160 401 267 400 355 508 344 70 280 281 26 480 374 199 386 498 19 393 450 65 344 238 406 93 375 530 543 270 384 549 13 35 456 160 31 272 281 513 196 137 443 201 133 277 559 138 173 145 498 253 317 174
343 293 377 571 402 354 451 50 209 380 531 386 503 437 514 28 173 5 262 489 308 537 309 65 494 562 83 319 236 198 140 202 253 292 445 141 72 332 415 301 283 525 132 394 58 60 102 366 208 268 516 118 341 38 314 287 204 407 190 90 493 485 405 146 339 463 250 355 482 441 328 6 467 144 263 256 558 89 573 101 322 163 566 376 220 164 559 550 207 172 448 404 478 77 265 453 393 414 3 260 131 91 76 194 169 281 182 498 473 391 55 399 382 259 515 238 474 219 178 62 541 15 165 162 242 475 419 459 524 69 86 61 126 255 310 9 73 32 63 528 569 107 447 387 521 350 358 526 321 12 333 124 363 538 334 434 477 168 510 560 312 338 193 479 170 471 98 70 330 47 74 19 349 406 179 433 171 546 267 119 111 129 337 24 320 166 313 458 53 345 110 33 137 123 191 302 304 457 136 8 464 325 519 529 88 109 543 436 508 239 398 143 234 307 440 148 555 317 228 552 108 505 384 327 535 401 455 408 205 536 201 113 496 548 362 84 56 492 499 335 155 336 181 324 518 151 291 80 470 18 27 266 289 563 296 286 396 423 361 197 357 501 192 392 460 210 233 154 452 565 31 214 284 359 428 411 249 120 379 104 303 567 2 75 375 229 530 196 491 290 245 79 430 486 149 157 271 14 442 520 147 316 247 135 533 57 483 71 187 11 46 397 472 429 275 185 527 490 17 159 297 372 93 212 241 545 114 413 25 67 383 549 329 13 87 22 4 222 231 497 273 331 468 225 115 502 130 388 251 161 37 416 279 326 454 10 264 100 7 370 315 152 443 340 127 410 507 469 438 421 227 44 551 45 48 243 150 42 367 175 347 557 385 539 158 183 348 34 184 112 252 174 439 68 298 342 352 484 435 570 85 276 400 200 288 270 43 403 41 40 224 177 138 306 64 427 417 186 456 299 389 513 97 235 217 282 511 280 167 534 449 230 199 211 92 412 82 444 504 506 139 103 395 364 35 244 300 426 269 572 424 371 52 133 556 420 547 26 461 142 365 432 422 213
579 571
0 1 1 3 4 4 3 7 5 9 3 1 5 2 1 5 4 9 5 17 19 4 22 12 5 20 7 9 25 18 25 15 11 6 5 10 3 36 24 21 4 1 5 20 36 33 26 17 23 12 25 46 39 22 10 54 10 39 23 52 20 15 15 10 24 33 50 44 38 26 35 22 42 11 37 17 40 45 36 75 40 41 73 48 2 68 52 25 88 43 74 36 23 75 25 80 74 96 97 10 77 76 62 64 44 73 89 83 6 19 6 58 97 56 82 21 3 39 16 118 90 56 86 97 73 79 6 12 48 30 69 130 29 35 111 89 12 15 120 112 37 38 36 40 7 102 72 52 15 110 14 104 45 56 83 31 134 74 155 93 122 12 100 71 42 134 83 84 56 70 86 100 58 68 172 44 92 75 117 59 1 20 14 161 182 151 65 115 187 36 62 23 142 67 110 13 134 145 51 87 154 139 196 112 172 179 163 2 85 134 136 46 173 172 109 196 175 217 7 58 55 180 15 6 209 170 119 132 92 154 228 47 15 216 34 69 183 113 62 3 134 96 70 228 12 167 107 137 85 211 235 164 87 73 217 164 75 84 82 82 209 159 254 146 59 240 240 104 188 127 62 20 51 210 264 232 205 242 230 130 276 258 273 229 94 184 213 20 144 137 114 132 135 134 234 135 74 13 23 208 2 285 210 85 127 243 49 126 17 29 273 161 40 69 190 314 144 218 122 87 244 266 102 264 225 204 45 80 88 326 127 172 58 268 118 75 32 250 144 99 103 155 337 202 276 15 204 20 22 169 109 263 182 158 30 290 192 15 129 173 32 143 260 86 95 140 346 24 121 61 32 255 187 99 203 273 134 362 157 188 195 225 134 299 138 207 28 107 363 333 303 336 168 313 50 137 281 184 241 281 381 299 259 291 234 249 186 9 65 237 308 286 199 306 134 38 4 29 276 46 207 147 276 252 51 4 366 174 425 10 349 397 305 273 341 323 220 65 72 346 192 40 427 21 40 201 250 408 120 62 207 54 75 345 365 304 364 22 342 299 118 25 290 459 106 40 207 454 223 65 126 338 409 424 334 77 419 64 232 46 218 470 245 289 451 377 242 28 104 349 214 394 221 140 230 299 458 250 111 457 113 231 360 391 462 477 130 125 194 118 434 45 56 325 510 245 452 213 331 467 340 466 319 273 9 336 152 518 310 227 326 388 90 530 425 196 372 436 199 294 504 241 45 50 375 410 63 107 129 418 152 43 26 239 101 133 474 155 87 112 130 30 346 302 417 124 414 402 511 511 273 202 558 42 111 221 282 524 262
58 351 356 315 113 208 380 210 110 70 445 465 160 511 401 8 239 443 328 104 278 248 33 251 411 474 317 469 302 245 289 169 366 272 528 473 121 3 454 274 458 203 230 305 545 534 331 219 86 151 301 551 56 324 435 412 148 567 575 283 548 540 194 375 515 476 159 258 326 197 14 519 370 47 539 566 114 204 180 24 182 340 116 428 510 32 106 54 565 546 493 53 120 218 343 417 552 424 321 124 200 475 20 207 332 286 438 423 275 369 30 189 304 352 191 327 237 108 75 213 92 122 559 516 379 242 441 569 173 319 571 238 419 43 447 344 131 254 442 52 2 350 477 94 81 531 227 95 201 150 420 547 118 498 506 299 216 296 514 518 358 19 449 307 181 363 563 67 431 85 93 574 146 335 51 325 329 354 497 21 193 527 41 562 480 282 147 381 295 440 404 255 91 560 488 82 225 17 192 393 74 268 382 430 153 414 170 229 537 544 570 407 25 355 553 485 4 400 212 492 303 267 501 125 346 139 87 349 49 15 184 162 142 29 529 48 376 196 154 259 353 406 140 23 418 247 172 446 549 178 143 513 291 294 31 432 271 550 386 439 536 522 437 253 577 455 228 186 38 5 89 265 16 444 156 107 467 176 448 484 188 463 558 244 345 367 55 9 489 384 59 395 36 533 464 450 433 297 365 520 292 27 368 564 396 34 500 175 112 434 521 308 221 224 155 479 206 129 39 402 341 214 141 415 281 195 322 556 276 215 231 392 187 333 429 361 26 372 198 364 165 99 222 80 145 502 84 111 453 130 293 273 338 96 457 542 202 504 499 543 98 183 426 452 40 503 287 509 526 312 88 541 512 390 378 211 97 470 102 205 127 144 398 507 261 525 236 63 482 348 284 109 277 579 505 359 72 44 377 371 288 235 460 408 383 494 471 22 409 339 425 103 389 232 330 61 11 451 336 64 314 166 199 280 436 313 578 177 491 264 487 243 310 168 28 241 323 50 405 78 422 179 309 240 260 57 342 105 532 69 66 557 128 523 403 388 290 10 233 306 256 90 269 35 136 397 357 76 158 490 483 152 573 530 18 185 478 226 45 421 167 161 135 37 508 472 71 101 459 524 133 555 468 77 164 246 138 134 427 220 157 337 496 209 394 115 263 410 132 250 149 171 7 466 461 79 42 123 360 83 68 223 262 416 100 60 373 576 119 347 481 257 65 486 234 217 462 568 12 538 298 279 320 334 174 554 190 252 456 13 300 311 117 561 374 46 495 249 318 270 387 517 163 266 126 413 535 316 285 62 73
154 36
0 1 1 3 4 5 2 6 2 2 10 2 2 8 1 8 8 8 11 13 19 12 14 7 15 19 26 8 4 25 15 20 25 28 7 22 35 33 15 21 9 24 31 36 10 19 46 17 2 1 50 20 20 46 38 25 15 18 36 4 39 13 13 54 28 13 13 58 14 29 54 16 19 39 59 53 26 60 1 55 52 41 43 53 30 63 32 11 23 77 53 12 40 63 76 21 50 18 55 37 75 46 95 101 102 45 3 92 49 65 8 101 76 71 2 67 77 13 75 118 106 112 61 41 63 92 16 98 61 31 38 93 72 20 89 58 118 55 131 17 73 42 33 55 143 136 20 87 144 146 29 97 61 105
118 66 75 2 53 93 87 49 116 139 76 132 55 115 145 105 40 121 119 111 97 136 41 124 103 4 56 98 51 27 123 101 126 17 6 79
280 170
0 1 2 1 2 5 1 6 6 5 7 5 4 10 2 13 14 11 11 2 6 21 1 23 12 18 24 9 3 29 16 26 28 31 14 17 35 27 14 3 21 28 26 16 11 10 41 32 40 2 37 39 31 1 2 31 40 33 7 7 28 10 21 19 6 18 27 9 59 50 46 53 49 35 2 48 15 12 13 33 40 32 52 29 43 34 47 5 36 48 39 14 13 48 77 75 49 24 95 75 48 94 45 3 14 92 36 2 62 25 13 57 11 90 24 64 14 101 56 98 3 47 85 46 46 18 17 127 29 10 60 95 82 120 41 6 24 111 28 18 47 43 141 118 37 29 45 126 112 100 73 63 66 71 112 29 148 87 1 111 157 114 34 57 21 165 161 14 12 71 150 82 118 137 91 3 105 18 152 174 25 134 27 107 60 104 26 116 169 43 28 62 180 101 65 182 120 19 92 113 198 62 79 64 98 176 53 76 171 163 202 167 121 175 48 38 118 150 81 39 146 56 147 53 155 46 50 210 25 178 135 34 49 12 18 157 21 189 79 214 16 207 43 83 144 43 210 160 68 110 111 164 224 120 80 127 60 46 35 147 247 57 2 34 66 116 251 164 222 230 213 114 108 17 171 142 74 221 35 208
202 23 256 107 128 216 207 280 205 272 50 161 93 240 46 84 154 108 244 184 17 213 175 54 80 265 99 249 228 113 188 138 173 88 245 95 177 224 242 139 194 22 196 278 122 169 92 212 13 210 49 66 174 260 247 226 170 47 193 148 87 135 187 118 149 143 152 262 200 185 67 217 114 83 20 209 275 120 181 270 214 201 222 10 263 250 211 63 51 78 258 18 7 269 6 35 104 182 267 215 72 204 4 158 112 76 276 64 225 14 199 277 147 111 57 243 171 186 82 125 273 106 85 163 160 166 254 255 44 176 223 220 24 197 136 221 27 39 234 253 42 218 266 189 248 116 81 103 239 279 94 231 268 208 30 190 274 109 232 110 74 68 11 162 127 180 178 131 25 59
845 670
0 1 1 2 1 2 3 7 4 8 7 9 8 12 11 14 3 9 3 5 4 7 2 23 11 7 2 16 5 17 13 18 1 29 4 11 35 37 12 11 11 11 21 26 16 38 19 32 24 29 35 36 16 26 48 24 38 1 25 5 43 24 32 8 1 64 48 16 39 1 42 40 5 50 56 3 44 40 55 25 35 12 35 9 10 7 78 7 84 48 82 18 22 58 45 32 47 60 30 82 83 42 67 37 5 26 58 77 72 80 49 5 34 83 82 15 40 84 105 58 18 119 24 42 85 43 105 1 75 17 9 47 113 22 119 29 87 29 28 78 93 76 51 36 39 108 66 5 100 117 106 25 76 119 25 68 45 62 2 57 95 147 17 45 52 72 99 63 54 107 152 103 167 138 74 125 87 95 165 48 162 52 54 141 135 4 35 182 68 117 122 58 132 46 52 23 66 166 167 6 184 126 92 113 132 143 39 101 54 159 34 49 113 25 196 141 93 37 211 37 26 118 174 20 98 88 61 199 127 33 103 22 119 20 4 135 95 2 29 143 217 21 99 177 153 108 92 186 179 14 10 222 142 228 177 244 11 119 168 198 127 126 40 91 249 114 131 80 77 266 174 235 194 265 116 238 203 166 52 166 20 202 121 33 136 58 28 129 153 26 209 110 239 288 266 227 72 184 42 76 40 201 131 237 181 211 162 225 234 284 75 32 78 39 119 44 200 286 254 185 90 183 123 67 151 299 269 53 289 43 290 64 271 142 191 193 168 24 182 89 107 17 257 177 156 244 257 285 304 77 247 49 260 209 94 155 193 106 241 202 248 301 215 285 255 219 50 183 158 160 25 369 73 97 94 26 65 83 172 222 133 28 21 124 330 189 170 132 296 89 3 323 329 124 85 67 311 155 395 284 283 301 268 365 56 220 106 172 259 360 80 288 29 162 13 16 194 129 360 69 269 71 198 283 232 45 22 249 40 10 181 123 386 202 388 179 237 198 148 216 116 92 291 166 155 27 436 348 62 102 202 282 382 335 293 278 193 357 97 418 181 250 346 458 57 103 72 257 255 3 65 31 402 276 470 76 440 231 115 248 212 361 152 139 231 223 438 330 360 225 247 121 206 3 165 43 50 217 7 421 495 113 472 363 263 147 103 156 163 391 495 164 188 156 369 376 371 354 220 373 257 506 183 52 268 74 319 399 370 186 297 217 316 337 473 266 464 272 97 247 476 38 220 226 537 159 17 43 102 398 110 273 359 16 420 455 502 277 493 512 541 58 556 71 150 343 501 282 233 435 438 434 368 173 235 472 113 420 242 504 252 123 166 341 320 138 373 131 33 18 423 526 263 421 348 573 390 27 225 83 414 474 198 97 127 79 147 53 146 38 360 92 454 96 353 226 486 140 615 515 512 497 346 389 532 337 553 300 599 100 269 403 323 288 142 472 427 546 446 319 624 509 194 107 96 144 4 534 78 182 27 455 231 286 3 10 648 24 544 176 454 53 12 617 555 501 78 662 410 515 159 465 127 180 642 211 305 604 127 632 525 607 370 150 543 101 650 517 327 178 322 581 342 513 67 227 12 299 248 663 576 552 464 70 691 335 198 281 513 422 5 234 205 663 428 413 303 23 626 90 693 368 706 277 304 360 206 137 617 695 584 382 504 3 632 162 223 324 217 487 105 383 59 316 603 405 531 483 556 131 693 265 5 163 512 48 619 137 600 414 493 32 404 138 110 214 492 496 601 541 143 567 48 595 5 694 259 275 64 452 201 353 522 744 141 552 616 327 715 626 232 467 413 139 773 242 587 63 22 686 339 727 256 270 346 794 298 777 632 464 411 508 767 154 176 542 239 282 286 546 300 794 350 752 590 740 606 36 270 723 526 24 771 307 445 540 360 586 77 108 272 146 119 674 404
395 368 332 130 177 587 63 176 720 494 644 637 144 153 580 793 40 3 453 728 529 319 508 198 257 578 551 83 467 114 312 47 423 290 802 207 535 277 718 645 834 753 326 269 674 707 126 77 541 164 572 841 672 602 13 686 179 159 697 837 690 736 254 685 798 451 568 168 752 361 818 354 822 378 292 795 407 632 396 609 218 460 606 188 12 427 505 28 519 365 309 536 311 806 186 639 38 133 510 601 73 87 567 779 42 74 550 812 469 419 478 607 240 490 161 484 2 629 295 155 261 598 670 805 518 270 30 792 658 732 464 220 548 393 546 121 22 80 213 136 824 461 330 122 709 246 797 495 68 774 764 411 280 230 564 733 52 5 221 445 36 454 110 37 757 500 626 486 725 349 62 723 665 604 132 600 189 265 183 181 838 271 267 169 754 788 596 677 483 741 46 7 424 33 565 443 796 559 139 631 180 532 233 54 167 766 138 341 76 480 759 521 200 245 843 91 820 333 329 344 679 24 19 10 328 21 364 58 504 557 506 575 127 599 488 803 722 99 112 135 252 465 787 712 842 547 638 581 594 417 713 700 376 223 739 698 281 523 259 414 336 85 372 470 501 512 86 429 836 452 704 297 436 781 458 157 585 804 175 191 664 563 358 589 724 472 447 758 413 683 750 652 655 196 216 162 106 370 828 345 208 681 740 780 687 430 612 586 160 785 142 120 234 88 496 800 212 300 250 688 448 492 560 41 104 711 53 278 726 343 743 219 338 701 339 197 499 204 308 833 4 128 55 782 182 475 497 498 90 109 663 123 217 294 209 44 794 628 435 624 331 562 544 285 649 273 282 684 289 150 92 455 154 771 101 184 324 187 767 715 9 731 457 313 305 809 459 107 340 100 195 676 623 545 288 286 450 262 437 325 323 611 225 65 558 810 366 619 171 75 380 485 667 643 515 20 115 749 415 517 71 214 355 636 514 202 94 840 392 576 394 302 6 513 440 640 192 462 662 666 360 669 811 34 310 418 791 660 714 303 615 158 141 689 721 520 210 603 237 441 70 808 641 719 772 790 203 238 57 129 734 66 765 710 555 125 108 369 489 243 617 229 401 692 81 708 590 400 748 353 172 534 680 367 807 314 675 433 763 466 571 769 716 190 751 463 574 151 823 398 651 148 622 491 201 503 832 264 671 118 199 371 579 699 695 405 533 630 613 291 416 815 730 595 789 642 409 342 256 449 432 584 387 279 549 60 706 614 845 8 635 654 531 691 646 473 97 616 570 322 152 316 825 543 745 193 145 502 131 226 634 359 89 296 25 487 682 235 530 608 146 648 569 266 653 105 593 542 777 431 573 727 362 170 566 18 760 755 537 337 67 425 389 538 31 420 702 320 561 64 95 119 656 134 390 111 421 272 778 276 117 399 799 831 397 284 539 173 659 526 143 79 304 744 784 673 592 375 174 98 102 274 621 23 817 729 844 335 215 776 830 456 839 258 351 15 507 356 315 668 705 51 327 287 625 27 746 476 140 434
791 399
0 1 1 2 4 5 4 3 1 6 4 11 3 6 2 11 13 5 13 13 16 9 21 9 22 19 2 1 20 24 17 3 12 1 19 15 14 32 28 34 40 33 38 43 36 8 42 15 30 19 14 5 9 51 20 23 46 8 33 2 44 30 1 43 31 41 6 5 64 7 52 70 23 66 40 55 55 24 60 36 58 73 10 52 25 1 54 19 64 40 1 62 8 1 12 74 23 46 40 21 31 49 87 95 65 14 42 57 48 81 43 58 23 4 65 9 96 115 96 83 48 50 74 75 19 119 118 78 13 81 47 106 71 123 54 45 91 130 124 43 36 110 50 40 105 4 31 137 82 123 11 43 145 85 13 152 28 37 132 73 88 68 67 4 36 148 10 26 120 9 77 101 141 33 44 152 116 133 94 77 19 54 157 5 96 120 92 174 188 103 18 177 59 107 14 181 94 161 24 126 94 29 67 59 49 176 64 31 43 47 58 57 92 166 69 39 32 72 201 192 4 125 147 222 68 193 155 150 214 22 79 156 54 177 200 175 179 187 220 136 67 22 236 95 40 20 196 129 111 118 62 93 113 144 200 157 110 46 118 132 143 90 1 117 23 230 182 231 263 234 175 51 64 229 270 56 18 69 194 117 174 281 99 120 146 155 61 136 26 184 143 21 41 49 9 19 107 288 7 118 274 19 106 43 21 41 248 188 284 232 204 62 140 194 110 27 30 76 151 183 15 61 226 305 316 36 234 5 287 190 164 294 294 232 240 296 263 93 198 157 117 298 60 84 179 318 17 68 111 80 4 176 219 43 295 89 16 147 142 31 311 37 222 288 9 196 358 314 201 318 94 367 50 278 100 18 96 18 199 195 237 216 66 34 113 233 299 134 301 296 16 269 46 222 179 139 57 19 224 2 1 199 215 355 53 225 221 82 398 237 76 177 190 412 212 59 166 138 56 214 68 342 370 368 296 286 386 239 348 247 199 411 320 240 87 20 332 73 332 370 51 41 72 246 175 392 39 165 78 332 436 97 391 298 50 351 179 348 178 56 177 183 384 333 61 366 318 283 453 249 459 184 400 76 119 339 277 63 277 241 28 229 319 196 100 68 481 358 305 339 349 270 49 48 348 209 426 79 354 24 6 41 479 33 76 85 379 28 71 95 241 367 444 450 151 213 374 176 206 132 431 35 428 285 218 157 174 496 492 232 433 274 494 228 71 64 89 61 41 67 357 270 8 89 221 443 122 310 517 383 209 208 16 214 144 45 342 116 493 544 118 241 550 87 474 152 70 368 244 493 453 202 227 177 407 111 311 206 371 357 326 417 340 24 193 293 325 303 75 278 109 168 93 215 519 280 332 500 387 537 464 294 503 431 37 247 39 577 424 469 140 316 371 218 523 494 614 466 589 423 391 438 511 592 37 53 104 383 117 116 479 208 66 351 49 418 516 62 635 317 388 2 511 508 598 568 181 289 403 511 382 294 425 260 624 493 434 112 459 507 514 163 449 257 622 573 36 486 414 668 125 518 254 643 332 570 629 602 411 637 187 508 262 538 81 538 198 642 343 397 390 75 598 213 447 117 503 121 326 326 257 495 40 605 267 535 703 5 222 396 361 636 34 20 334 134 228 320 225 451 137 688 560 147 525 163 352 256 442 653 428 539 672 267 313 592 510 117 593 102 240 423 289 129 534 406 186 553 40 131 250 709 395 320 399 253 647 568 749 193 659 66 19 78 331 548 235 239 429 684 278 544 448 707 618 308 337 259 198 715 595 451 329 711 530 664 553 288 444 321 732
674 638 657 359 350 74 153 256 486 352 287 230 559 181 530 746 185 531 262 687 15 90 195 732 161 608 2 647 735 204 84 426 387 668 642 539 339 147 607 554 123 513 558 116 124 442 344 495 304 567 694 708 603 757 596 571 496 16 400 205 41 155 714 173 175 562 318 536 159 295 52 583 30 658 605 399 506 362 470 72 773 282 706 627 371 238 182 127 510 354 424 315 96 151 226 351 675 266 476 283 38 787 444 693 702 309 683 267 329 293 17 593 703 719 23 670 698 382 365 410 128 215 630 300 343 251 600 555 285 93 145 279 166 775 619 197 679 553 461 609 782 180 730 100 575 202 629 551 437 460 125 355 277 474 685 89 143 479 471 112 398 232 738 696 5 141 117 704 332 771 219 741 544 76 521 308 557 584 303 472 200 184 170 791 751 560 258 431 188 21 626 174 255 451 458 69 322 379 678 114 4 35 340 580 37 369 176 28 42 774 377 157 686 57 120 115 498 512 240 187 228 275 656 478 252 664 290 677 294 722 620 549 380 418 520 253 136 412 482 82 427 33 650 538 178 759 299 68 634 502 388 106 183 60 235 473 493 313 625 335 780 241 494 80 333 402 763 22 723 547 325 119 13 488 404 9 613 718 760 214 491 307 381 636 168 34 753 655 550 36 446 264 403 79 284 370 528 480 316 77 466 48 324 611 786 519 748 50 733 209 336 454 85 661 632 456 118 208 770 475 740 695 522 317 469 217 361 736 326 705 415 546 497 405 487 135 373 548 328 58 750 92 646 261 223 27 639 270 81 417 717 47 327 489 566 150 186 724 578 353 577 198 709 440 407 515 133 101 31 254 595 561 651 428 154 298 511 749 331 177 156 697 744 699 648 684 534 728 540 3 401 139 338 463 152 742 158 130 231
882 150
0 1 2 3 3 1 5 7 2 3 2 4 12 8 4 5 2 3 18 11 12 17 17 22 10 17 24 27 25 13 7 11 9 23 20 35 18 22 5 26 1 38 9 25 6 19 27 6 6 33 27 16 31 33 41 51 38 43 44 15 45 49 49 45 39 62 41 53 21 69 60 66 23 7 29 6 4 72 72 37 32 27 77 32 60 25 4 39 67 6 27 79 75 6 50 45 70 55 12 47 61 51 71 74 96 101 1 60 72 98 95 51 97 39 31 107 23 102 50 85 53 53 43 123 81 89 112 29 112 101 77 119 65 122 91 67 64 8 19 44 97 121 5 80 47 119 36 65 8 2 82 142 119 24 59 28 10 94 71 44 94 33 154 123 41 148 91 128 98 137 44 93 83 32 100 90 76 98 159 13 132 88 172 155 62 171 23 128 95 7 166 121 102 3 183 168 29 193 72 149 163 155 165 136 155 174 147 78 204 103 173 76 114 99 112 16 190 38 51 38 122 74 113 200 92 37 67 94 205 91 86 33 86 50 223 190 19 39 43 139 85 70 228 127 178 131 50 219 130 180 232 27 165 43 123 254 123 117 76 233 150 252 92 140 168 170 233 106 29 159 228 67 200 6 53 68 100 192 277 200 103 274 12 25 246 13 57 276 65 127 89 146 98 57 5 97 85 227 87 13 196 231 255 206 236 152 126 95 284 111 177 184 217 52 236 102 115 185 86 200 280 182 225 317 163 210 103 253 201 73 264 11 195 185 102 326 323 262 7 295 54 48 64 343 251 209 2 154 315 259 66 247 333 50 21 214 268 265 314 101 175 8 14 216 293 275 207 145 274 13 22 61 151 56 331 336 218 75 316 258 326 376 374 320 339 189 246 27 289 310 387 255 235 79 148 243 227 174 74 166 333 324 234 91 57 307 121 10 378 209 126 162 293 245 374 251 159 290 406 199 174 344 156 145 387 385 16 366 302 52 427 382 311 400 169 108 130 54 4 248 30 259 141 277 286 143 52 39 100 226 220 60 248 187 186 381 369 237 229 5 171 30 65 454 69 308 105 248 401 96 408 215 123 446 247 109 387 322 331 211 247 42 352 439 309 35 424 188 418 413 180 413 225 345 334 92 186 74 464 164 470 335 189 33 340 330 353 331 303 398 196 429 492 294 362 238 179 481 517 417 105 253 511 200 211 263 501 159 140 297 236 2 14 282 144 247 359 375 134 346 234 352 335 461 87 175 381 160 289 109 297 501 107 331 188 393 403 405 361 372 476 282 296 132 303 247 138 546 13 470 101 71 528 110 309 222 459 172 575 61 131 386 485 476 548 511 181 486 101 382 511 210 17 344 270 120 191 470 15 290 597 578 398 349 49 16 315 509 93 128 47 235 525 555 600 47 415 35 488 228 431 23 102 116 605 89 271 500 424 408 475 578 1 323 150 124 341 442 106 558 352 568 460 453 75 507 409 455 1 192 370 484 382 629 296 194 21 472 162 545 276 262 391 120 302 633 61 390 449 371 233 79 393 57 250 328 274 401 245 308 302 288 625 386 239 661 222 216 108 97 462 667 354 508 177 477 95 193 635 5 212 534 197 175 652 264 563 285 621 185 474 331 633 36 639 263 213 67 219 258 439 315 220 704 623 508 542 165 194 136 208 173 218 584 612 723 541 639 36 624 503 143 269 165 647 62 490 634 724 686 727 93 442 554 662 612 189 377 225 689 32 694 450 287 67 562 403 228 751 65 405 445 234 708 225 71 76 753 161 645 444 695 237 662 601 257 489 8 50 148 154 227 608 76 461 220 327 471 457 538 566 413 240 119 173 15 673 219 339 467 736 686 497 442 493 205 119 562 341 813 96 611 684 383 372 299 498 500 638 224 597 448 424 745 113 509 225 420 416 664 145 232 808 243 272 811 196 493 824 809 270 146 337 171 164 307 561 446 123 109 589 250 518 194 535 513 800 658 96 756 581 323 186 364 420 853 711 669 4 655 818 667
778 880 410 603 544 840 718 654 132 130 67 782 523 633 29 344 786 60 741 21 679 635 720 229 762 12 638 172 408 491 76 294 648 703 583 484 747 639 572 807 510 277 765 831 298 254 565 698 555 448 136 777 471 566 352 634 435 20 64 407 785 392 518 333 849 40 238 486 270 231 881 232 420 460 794 286 359 620 479 875 533 641 394 287 297 467 809 503 58 147 744 865 559 192 441 330 436 17 625 324 375 142 328 443 65 339 138 228 830 683 57 381 37 259 787 326 745 461 42 442 75 847 173 492 202 50 658 314 468 842 627 423 612 293 615 837 618 743 214 882 630 838 879 563 825 362 378 200 707 82
361 246
0 1 1 2 1 2 6 2 4 5 3 10 10 2 10 5 14 11 2 15 10 4 21 22 4 13 23 22 13 27 30 22 13 6 9 19 6 20 19 10 20 24 21 10 4 24 41 40 4 6 49 36 32 2 38 43 8 24 27 20 46 42 15 15 30 1 55 46 56 64 40 54 1 8 67 27 38 63 76 65 19 49 80 50 34 51 74 86 64 37 30 75 81 15 68 49 77 91 69 1 87 1 16 102 22 100 49 96 75 66 16 78 105 79 72 106 112 57 86 5 9 29 106 16 105 59 54 47 65 6 43 35 93 44 54 115 29 49 19 101 63 77 63 48 124 6 120 124 115 143 115 72 32 104 1 87 155 132 54 37 19 71 140 156 66 102 152 33 83 70 9 15 143 65 120 138 126 2 42 94 122 91 92 109 62 31 105 163 77 102 113 24 14 55 123 63 40 155 65 151 171 175 109 18 94 5 1 89 196 101 55 44 97 20 108 8 130 213 32 28 5 183 98 4 96 215 152 74 161 174 198 67 43 14 108 159 180 108 48 229 34 131 204 217 53 222 16 218 142 240 214 157 110 241 20 162 250 222 114 74 49 87 92 247 133 38 2 176 73 28 92 55 139 263 17 56 29 264 222 55 207 73 235 223 181 120 277 57 244 15 115 262 190 76 230 238 206 198 64 186 242 66 217 296 5 152 249 305 117 218 161 240 17 88 125 272 137 37 291 38 191 7 134 265 314 132 15 158 242 29 246 162 126 324 27 45 162 32 164 152 241 261 131 175 160 262 9 338 162 91 93 70 303 328 115 206 4 238 332 320 140
244 128 237 290 16 156 165 32 177 174 43 265 211 300 324 330 50 56 129 29 139 311 157 267 260 78 335 296 313 107 25 124 252 224 294 218 184 322 316 291 186 154 273 351 77 204 136 66 328 181 83 302 274 270 41 23 326 147 148 130 45 86 47 276 262 21 30 305 80 348 230 339 332 331 60 233 168 250 232 31 341 266 113 138 346 282 201 317 162 221 125 361 193 171 355 15 254 89 287 163 33 197 166 134 104 344 127 100 242 303 192 279 246 216 92 259 153 284 121 281 280 93 241 55 337 143 75 271 360 292 175 76 91 132 347 117 114 161 7 329 209 158 238 152 173 11 223 72 137 159 243 354 53 239 200 79 357 20 102 227 349 103 353 257 314 71 3 14 176 95 288 144 26 2 301 195 4 10 219 131 63 198 336 67 120 151 51 220 255 96 61 228 59 58 215 24 85 172 97 27 37 48 140 261 263 190 64 110 208 109 231 118 286 106 90 214 342 206 269 343 82 240 229 225 52 247 308 36 28 295 70 212 334 169 44 187 88 352 297 306 325 141 196 320 249 312
855 443
0 1 1 2 2 5 1 6 6 5 8 8 9 9 6 14 1 13 18 9 7 4 4 10 3 7 18 10 28 14 30 5 4 10 8 33 8 32 22 18 28 19 37 8 43 13 6 44 30 12 8 3 36 45 10 3 48 46 39 58 30 1 6 27 24 36 41 35 26 31 38 16 34 36 32 25 42 44 1 59 64 1 69 66 59 59 48 49 56 4 4 9 83 73 9 50 5 6 91 58 67 18 20 80 85 71 42 76 86 89 69 4 72 56 5 90 32 97 57 63 95 105 79 33 116 71 51 102 18 69 113 1 6 64 118 70 33 127 81 107 76 106 15 86 58 37 77 43 40 51 31 60 65 42 86 19 36 38 57 97 82 27 79 129 109 77 114 65 90 75 116 37 28 172 111 109 26 124 107 48 7 1 136 151 146 113 184 167 96 187 131 32 70 165 141 129 20 190 50 8 116 164 172 183 29 96 99 1 76 121 145 93 208 119 177 214 166 47 36 79 176 130 41 127 223 197 98 165 204 122 131 21 51 50 117 159 44 67 4 113 116 107 213 108 148 17 186 79 209 160 32 248 159 52 5 28 56 69 139 39 73 181 126 44 172 60 244 81 176 199 230 2 134 245 181 13 34 61 224 248 215 225 161 267 157 98 229 83 268 73 54 148 286 136 83 287 281 112 191 22 234 102 232 224 134 252 17 267 3 238 27 117 212 110 8 231 315 294 60 166 40 10 308 226 43 148 138 283 7 183 178 284 85 190 10 68 296 208 338 169 318 269 69 250 261 71 253 22 185 276 347 113 89 2 269 82 337 32 219 12 122 288 148 340 142 286 166 84 176 20 143 76 100 62 289 280 268 238 200 218 322 286 113 301 1 289 332 304 356 216 57 266 374 265 248 322 277 55 106 218 162 96 255 227 137 220 60 58 206 119 174 99 355 319 123 143 134 230 84 13 307 331 315 372 336 106 400 296 189 154 310 319 418 322 300 66 360 97 114 88 439 291 180 338 27 304 191 431 203 404 131 335 287 176 261 24 34 260 33 411 338 104 369 251 164 125 392 5 17 34 275 469 44 428 374 167 367 43 287 341 115 148 53 420 415 326 467 331 73 87 2 40 305 308 428 157 268 287 36 423 325 229 262 286 263 48 121 111 442 205 286 462 407 510 397 294 236 231 20 3 338 174 431 518 274 148 72 409 111 463 423 522 20 451 165 75 37 282 518 539 385 443 372 515 65 222 310 246 169 313 237 1 351 131 279 448 436 123 129 480 399 360 201 303 213 143 403 272 163 151 503 233 339 212 511 331 494 132 514 532 263 458 300 254 157 472 126 272 231 406 332 401 401 476 166 455 344 404 372 553 275 562 338 252 129 539 292 345 302 376 590 516 345 51 343 435 569 262 348 180 148 36 526 160 554 357 591 386 82 46 298 577 315 601 186 21 406 174 609 291 263 566 117 256 176 619 190 536 317 642 245 382 3 43 114 298 444 256 157 121 531 179 36 129 501 607 466 610 355 405 364 409 156 237 571 78 424 600 646 297 239 540 663 541 419 369 159 426 604 361 240 618 622 612 650 41 71 99 438 330 104 208 31 423 657 44 200 6 252 228 438 1 81 599 6 244 497 30 90 138 255 412 637 398 624 725 189 208 563 662 284 5 628 340 576 189 10 360 53 734 488 717 304 447 105 418 233 520 92 101 426 175 567 521 709 22 628 207 516 410 391 21 385 400 179 564 11 298 683 720 323 475 705 395 360 380 1 145 251 410 349 279 688 621 538 632 232 179 231 27 576 209 165 639 572 435 130 343 544 259 88 790 352 728 631 698 735 48 623 248 404 291 143 551 711 268 138 530 736 162 148 293 216 682 11 121 52 630 61 775 44 27 757 780 139 194 429 225 730 303 654 499 796 829 63 537 57 31 589 39 280 147 508 521 159
149 389 662 63 283 643 616 645 291 315 463 126 349 503 253 270 464 116 569 795 486 761 682 559 413 815 702 224 546 781 550 537 308 442 165 515 34 811 210 327 625 204 636 531 451 584 138 568 603 104 232 659 155 98 81 363 786 252 157 354 457 136 335 318 375 202 573 741 399 320 724 651 300 757 468 453 680 17 539 447 230 209 678 285 444 49 234 160 854 130 855 69 229 669 358 429 319 122 438 3 779 654 721 293 748 382 333 529 121 101 566 203 695 623 699 50 148 103 649 266 504 791 169 523 762 583 176 715 519 397 536 275 598 822 302 602 553 153 225 628 774 646 309 610 430 373 111 120 184 188 385 398 626 374 181 289 633 510 233 543 383 556 627 172 70 587 47 469 214 39 586 719 681 265 706 701 675 351 411 314 117 462 816 387 359 677 78 44 711 419 821 535 91 267 36 7 376 589 631 601 421 243 740 734 723 758 473 797 606 439 85 689 684 590 642 477 48 424 386 728 401 29 660 437 288 572 658 634 466 240 123 118 809 344 16 114 487 61 667 538 621 167 800 156 828 361 694 139 316 605 175 441 235 353 420 845 298 178 668 163 756 406 852 408 41 415 384 829 490 832 407 31 655 296 805 276 402 720 563 72 213 771 432 280 227 502 641 219 644 264 798 808 323 698 262 847 58 64 95 35 704 182 26 183 325 425 492 672 750 508 552 395 345 780 513 282 558 708 269 258 812 840 575 370 215 60 755 737 614 841 71 162 96 82 409 330 524 807 709 19 796 766 747 410 255 599 418 22 348 260 146 212 540 562 259 306 826 608 743 9 360 15 554 79 635 128 368 332 32 217 640 206 445 140 137 533 803 571 846 827 310 436 305 482 346 186 23 53 115 194 394 521 412 632 279 561 456 853 580 106 726 836 557 272 356 257 593 250 560 576 108 74 170 73 416 54 567 683 191 52 164 340 423 851 131 844 624 187 45 730 201 713 838 460 287 480 615 371 820 301 813 619 650
697 666
0 1 1 3 4 5 4 5 6 5 5 6 7 10 13 7 8 10 5 11 16 2 13 20 21 7 5 23 23 21 9 12 3 15 3 22 20 27 37 8 7 30 38 4 14 27 20 20 46 24 43 49 47 27 27 26 32 36 37 26 3 12 60 40 20 21 3 43 42 60 26 37 44 50 40 31 2 24 45 46 16 24 62 34 28 84 3 29 17 15 66 62 67 26 12 29 16 53 14 12 98 90 86 47 42 64 12 89 46 56 7 97 11 70 15 29 74 66 30 32 75 92 63 81 1 83 49 5 24 113 127 63 126 2 95 33 83 83 49 15 83 135 67 69 51 116 35 121 137 133 129 146 124 77 139 117 145 147 15 104 9 116 32 46 6 161 36 97 140 169 5 1 68 53 89 48 59 6 172 14 106 146 140 103 175 61 25 34 12 48 8 19 160 1 157 92 85 68 1 72 193 66 99 174 146 53 113 197 121 95 108 50 53 183 11 175 32 126 159 35 10 164 105 170 77 81 25 156 4 151 94 198 214 91 13 39 56 81 196 128 208 169 10 139 69 170 87 210 74 55 97 109 130 170 116 111 147 136 50 92 235 129 60 149 120 132 204 266 251 108 58 66 244 97 115 142 266 14 28 152 267 148 167 123 185 107 159 252 94 33 41 54 160 257 55 24 201 45 281 248 215 210 29 187 105 67 250 149 150 99 202 171 222 164 173 91 186 298 237 37 137 130 135 63 34 180 130 24 79 56 60 223 199 21 309 61 19 247 203 254 170 47 18 21 191 150 47 269 133 259 115 208 155 184 30 146 79 21 158 270 84 176 103 161 131 210 248 244 6 35 296 311 220 164 111 357 362 84 372 182 76 359 7 14 152 37 377 35 15 198 123 135 85 211 231 361 324 37 188 121 390 351 102 316 292 117 255 312 43 358 38 185 312 313 369 126 293 326 342 157 355 128 245 323 391 146 197 45 405 32 417 64 391 350 138 167 321 423 352 187 70 169 278 401 188 423 57 191 100 124 28 156 451 388 228 320 268 61 61 226 4 120 225 119 94 227 160 21 40 148 16 459 111 171 237 195 109 52 288 140 250 384 79 342 86 233 9 406 306 150 166 42 318 252 474 26 61 409 428 270 321 385 94 282 218 91 143 79 62 239 5 376 454 508 142 153 193 175 20 59 363 150 450 247 241 106 392 128 185 364 131 510 274 88 89 439 51 246 470 335 357 203 416 494 347 491 124 178 175 507 287 271 437 111 484 527 473 132 289 16 214 223 78 187 154 78 31 448 118 21 33 57 310 144 263 171 302 342 47 204 340 68 42 537 499 374 305 408 69 358 184 478 328 312 290 502 431 340 452 265 223 220 161 473 326 53 577 605 9 542 546 365 45 538 89 503 56 472 175 471 110 179 197 537 244 613 337 166 437 205 117 78 554 144 365 372 48 539 550 241 110 577 297 401 390 367 420 618 602 508 228 103 419 12 26 333 284 605 155 202 149 377 417 567 172 523 591 597 373 487 178 245 514 266 38 103 186 7 166 185 316 259 87 551 429 251 402 355 597 458 687 394 407 279 668 316 415
524 389 16 436 641 191 100 454 566 214 272 89 547 122 527 37 607 382 107 355 326 536 479 332 3 578 298 274 494 242 59 457 192 23 696 136 470 137 164 425 421 69 569 302 447 630 196 80 411 308 369 400 439 575 29 352 367 490 35 378 515 503 315 468 125 617 525 276 49 104 46 529 134 251 143 616 549 602 675 219 434 364 633 322 95 446 21 163 142 440 601 71 160 283 175 207 623 11 410 475 568 178 531 264 365 593 489 318 82 233 651 694 605 587 70 14 642 265 484 638 294 18 423 570 345 96 659 555 154 226 31 370 422 637 177 518 126 426 415 334 614 640 453 237 530 606 372 253 535 145 198 362 377 281 216 366 27 309 413 336 259 449 170 156 289 485 394 98 157 228 147 469 537 26 133 363 668 664 7 316 582 360 558 132 99 463 90 124 342 646 581 269 284 285 622 227 643 604 323 213 158 211 407 324 396 30 621 473 554 684 619 625 193 279 480 271 229 258 460 8 5 539 161 429 186 505 202 293 635 72 236 91 477 501 167 613 179 103 478 40 208 22 612 108 267 373 691 180 325 295 218 553 333 19 305 548 402 567 596 39 387 140 263 682 119 151 359 405 493 634 275 649 540 50 320 68 185 127 560 56 695 692 486 431 381 341 526 262 517 385 234 48 451 187 655 277 509 250 488 244 249 645 329 55 686 303 418 688 255 685 561 665 690 513 521 495 330 519 438 41 291 252 673 347 654 53 392 85 135 243 327 375 311 117 497 130 442 430 150 15 319 683 448 220 354 658 403 678 304 516 43 33 278 506 510 183 102 697 10 598 335 669 6 310 52 471 565 63 595 573 541 84 248 212 260 153 36 176 32 149 62 443 81 660 209 627 141 647 391 368 238 374 240 626 689 586 28 427 628 245 9 129 597 190 417 199 458 45 200 138 523 2 459 663 270 498 383 444 461 173 159 73 462 282 441 182 188 631 544 235 542 206 580 533 397 589 380 131 608 231 105 314 562 648 618 528 290 300 306 111 358 168 4 337 502 317 296 201 656 534 499 64 482 361 101 13 79 600 66 88 204 312 496 679 224 58 491 571 674 146 42 86 395 563 437 194 97 615 545 257 599 572 456 671 118 474 512 583 564 54 465 532 230 205 67 139 110 508 114 483 672 116 339 61 12 92 653 467 57 78 217 340 687 520 406 404 128 416 590 433 113 301 87 171 620 466 476 657 379 148 155 25 432 189 594 60 152 500 667 172 552 428 579 504 76 307 357 472 603 287 106 17 639 65 348 346 256 280 51 24 550 662 299 313 247 514 321 77 546 450 557 165 93 225 435 538 343 254 223 144 398 123 559 166 112 47 197 44 487 371 288 636 591 629 543 609 83 246 412 215 661 401 266 576 356 611 481 452 331 556 210 221 551 20 181 195 424 511 38 585 121 414 408 273 455 184 328 115 610 94 677 353 349 652 420 120 574 680 681 386 75 241 351 676 162 522 286 666 268 203 34 388 644 232 507 297
